7379
9623
6627
5978
360
2268
506
5778
4031
9798
3721
2005
5544
4251
6685
8123
2739
9046
9351
338
2291
6494
2838
6578
6030
4893
3436
8877
7888
3032
4585
4016
7402
3137
317
3668
5697
3502
4053
3698
675
3348
9915
5985
4769
3471
8078
9786
66
6489
4445
1991
6917
705
2704
6407
9039
8409
6699
7232
7374
3875
2348
6860
9020
6248
1672
6826
7634
6221
1715
9089
5129
9787
6395
1744
8890
6286
926
3120
1154
4826
9472
8709
6542
7585
2679
7976
1371
7829
6616
2492
8465
7569
615
5294
4257
7519
4554
4874
6342
4549
6691
8622
1901
3898
246
7838
5686
8036
2834
230
9657
4743
7089
9531
9889
7072
5766
7983
3977
1280
4942
2889
9345
8616
6721
5813
2149
9120
6087
7113
1773
6304
3529
3495
7150
2175
550
8560
3914
5628
254
1724
9734
1530
6963
2577
9713
4793
52
7877
9949
6199
3943
1503
1648
9957
8575
4486
9609
3735
4117
1046
6280
5980
587
4000
9326
829
9506
8886
9717
9431
7883
5169
1519
8443
536
5122
491
4388
2559
5596
1206
5895
1920
8485
7773
8394
3212
9289
652
3031
8545
9016
4498
7641
194
6892
4857
5581
5085
7797
5639
2221
6941
6363
3027
2556
1074
2338
1
161
3036
150
6576
3702
1108
8514
2709
7712
2589
885
2887
2214
3496
8506
1468
7889
8290
2498
7235
4284
7068
348
5717
3640
4034
1526
5132
9958
46
6758
9157
428
2705
8446
5134
6538
4454
791
3505
984
9596
5772
9311
4028
8828
2465
3626
9343
773
1967
7254
7130
4236
2363
5362
2043
7770
4733
8098
4241
5206
3880
36
238
2969
4779
1066
1282
1520
5320
124
6526
9063
7988
3616
9455
867
2919
5386
2773
7638
7426
7208
1723
994
9514
2899
696
9420
3949
5853
6066
208
1188
1175
5711
7206
5620
8831
3580
683
1215
7909
227
4584
9588
3381
3054
690
6910
8479
2457
4107
4019
1653
8058
9403
8603
432
2072
3189
8753
6433
5424
9608
831
451
4435
7815
9191
1872
4761
291
7145
9466
8137
6728
5213
5323
2654
3360
1761
9872
4882
3772
861
3713
7521
6060
6397
2376
7832
3051
5441
6831
3157
1944
7251
6195
5825
8246
6737
8980
1482
7092
2136
284
1654
2146
7337
2884
9961
3164
8002
3823
7012
9219
4040
9722
9154
5028
7448
8608
7350
9348
6912
5923
2472
2700
1383
8611
1481
2964
4521
4207
7775
9049
2006
358
4024
1295
3548
846
7274
8572
8863
4630
6828
1375
410
6441
4156
6498
3068
2702
9248
1780
2350
4660
1743
7559
5613
5976
5915
7295
333
2255
324
7683
3288
971
2187
9944
6544
9699
9014
5545
9317
1594
6706
9691
5527
4006
2159
645
2364
7496
6977
4281
19
7273
5483
8248
5615
6419
181
5427
9684
4056
2481
5184
3493
1045
3192
1644
4831
414
1910
4222
1671
6909
7920
5092
753
9469
4285
4832
4169
9421
8857
3409
3466
617
3837
4780
7642
3780
1902
9338
9176
9060
1004
8655
9976
595
9682
662
139
1895
7577
3694
1759
2139
8250
5949
3047
2064
6370
5926
3537
2352
6751
6429
6985
7827
4491
2224
9335
1613
6365
8085
8748
8601
8018
1409
2672
5321
4433
7644
626
9447
838
8182
6464
853
4414
2197
6762
4646
9741
7450
6741
8516
593
6034
2956
8599
222
4721
9386
5597
4984
4966
2631
9104
6639
1356
6009
4180
3248
4552
218
300
24
2866
2897
4507
9171
5045
7106
2359
3168
1626
8924
9032
7855
3028
3034
4516
1443
8583
4494
4102
3191
2898
6470
9904
1831
68
8546
795
1130
6449
9813
9312
2229
4931
389
4238
3415
4763
9770
3500
4504
9105
4819
9545
4662
6712
6787
4129
873
4801
818
2798
1360
3299
785
2249
7610
1111
247
4450
9526
1490
6696
8408
7317
1015
7070
8931
6337
9950
7167
1946
6094
699
6661
1586
2877
1666
3696
4996
3786
9586
3066
6808
6008
7146
9564
5409
8723
4333
3153
25
1225
3711
9850
930
5965
2699
3704
5136
1500
5493
2483
4096
1214
8185
8512
1370
6625
2218
602
9651
8065
8432
9371
8836
4202
7202
3939
4783
7908
2302
6178
9301
6019
330
1678
7607
5971
9072
306
7786
7451
9527
7948
9920
5961
4015
6531
2365
4448
5716
8819
1393
2140
5414
727
9706
3796
8885
4867
5530
717
7084
9186
6952
9284
9534
5147
3118
7894
4127
2716
1056
9795
441
5882
7705
657
7122
217
395
1162
4503
3186
6136
1201
1078
488
7245
7880
5964
225
2666
698
1212
7435
8928
2428
5903
9200
4349
9837
4449
3503
3999
8775
8632
4362
6028
65
1024
4415
1877
3964
8937
632
3260
6568
8375
4472
3611
7993
1628
7131
5557
4118
1890
621
8664
8017
7567
8741
4481
5678
4105
1054
2378
423
6748
3342
7957
545
5987
5273
8533
6773
3025
3422
4260
7030
3716
8704
6140
454
3675
5032
4837
7000
8518
572
8524
6935
473
8258
822
7230
9309
3613
7500
2082
6032
5378
7196
8060
5471
8458
2391
7576
7026
5217
4378
287
1418
8568
96
7455
3097
7088
3472
6797
7628
6638
1469
8400
1937
2018
4745
9448
3318
3665
3815
5376
7472
694
9429
4221
5123
4193
8754
5057
4279
6059
4950
1091
3485
548
8373
9339
2436
7854
1564
7912
9587
1547
3295
2991
2585
8715
9925
8210
627
9533
3973
7806
8205
8311
6600
1833
5339
5481
2554
9329
3827
117
5096
7199
941
5288
6401
7186
3988
9375
3039
2148
8211
4234
8335
9954
7732
2389
9812
9520
3149
2321
4565
9419
492
4842
2846
7790
7211
8785
8564
9884
3996
6311
2169
6347
8230
179
8666
933
6506
4337
3134
387
6819
2485
3012
8526
4681
8165
5408
6022
1814
304
9559
6482
8725
4084
1548
2507
6671
5218
7598
2541
4229
4088
1536
7083
782
776
8995
7685
5399
5514
8868
760
6076
9280
2077
5195
4804
7765
1711
525
4852
6146
7475
3689
9804
4474
